NODES 
   Id           x             y            Type 
    0        0.00          0.00               D 
    1        6.45         42.73               C 
    2       15.66         39.91               C 
    3       12.56         43.38               C 
    4       15.28         32.83               C 
    5       15.76         39.33               C 
    6        9.61         36.09               C 
    7        8.67         38.28               C 
    8        7.05         33.73               C 
    9       11.57         36.17               C 
   10       15.03         35.50               C 
   11       18.47         35.71               C 
   12       13.14         35.91               C 
   13        6.80         32.69               C 
   14       13.53         37.52               C 
   15        9.73         41.46               C 
   16       13.03         35.54               C 
   17       11.79         37.48               C 
   18        7.72         32.73               C 
   19       11.00         38.44               C 
   20       15.81         37.69               C 
   21       35.69         14.12               C 
   22       42.04         18.20               C 
   23       35.55         15.69               C 
   24       36.96         12.83               C 
   25       34.23         16.88               C 
   26       40.89         16.45               C 
   27       34.67          7.90               C 
   28       37.81         15.76               C 
   29       37.89         13.97               C 
   30       42.17         11.22               C 
   31       42.97         16.77               C 
   32       31.86          6.73               C 
   33       43.49          7.45               C 
   34       39.15         18.10               C 
   35       32.16         11.20               C 
   36       33.90         12.90               C 
   37       35.75         17.55               C 
   38       36.58         10.50               C 
   39       40.73         14.55               C 
   40       42.70         15.34               C 
   41       25.00         25.00               S 
   42       42.50         42.50               S 

RECHARGERS 
   Id      NumRec 
    0           4 
   41           1 
   42           1 

CUSTOMERS 
   Id           Q            ST               R                 D 
    1          46          0.41           14.38             23.33 
    2          24          0.22            9.04             16.54 
    3          43          0.52           14.99             25.11 
    4          21          0.19            7.44             13.80 
    5          40          0.40            7.71             13.32 
    6          21          0.23           11.66             18.97 
    7          48          0.48            3.74              7.08 
    8          25          0.30            5.28              9.00 
    9          22          0.24            9.33             16.88 
   10          29          0.23           12.85             20.76 
   11          40          0.48           11.30             17.99 
   12          26          0.26           12.54             20.48 
   13          50          0.45            5.80             11.23 
   14          21          0.17            6.90             11.78 
   15          35          0.28            9.50             15.69 
   16          39          0.31            3.54              7.11 
   17          32          0.29            1.48              4.07 
   18          21          0.21            1.06              2.68 
   19          39          0.47            3.95              7.32 
   20          26          0.29           10.03             16.51 
   21          39          0.39            9.47             16.31 
   22          32          0.29            6.25             12.35 
   23          44          0.40            3.34              7.71 
   24          47          0.52           12.61             20.96 
   25          44          0.40            1.42              3.66 
   26          41          0.41           15.69             25.95 
   27          33          0.26            4.33              8.78 
   28          39          0.39            2.99              6.60 
   29          22          0.26           12.81             21.04 
   30          31          0.28            2.53              5.96 
   31          33          0.26           10.61             17.16 
   32          32          0.29           14.03             23.02 
   33          28          0.28            5.33              9.62 
   34          27          0.30           10.99             18.49 
   35          42          0.38            7.65             13.12 
   36          47          0.47            9.42             15.16 
   37          43          0.47            9.23             16.72 
   38          21          0.23            8.30             14.11 
   39          37          0.41           12.89             20.62 
   40          38          0.30            2.50              5.63 

INSTDATA 
 Tmax        NumV      Capacity Speed        DistCost  Batt    Ro Alpha 
   80           4           700    50               5    15   0.2  1.00 

