NODES 
   Id           x             y            Type 
    0        0.00          0.00               D 
    1        6.29         32.64               C 
    2        8.61         34.20               C 
    3       12.39         32.98               C 
    4       13.96         35.35               C 
    5        7.78         35.58               C 
    6        7.91         42.86               C 
    7       10.18         42.35               C 
    8        7.35         41.13               C 
    9       11.36         32.18               C 
   10        9.78         36.50               C 
   11       14.13         36.21               C 
   12        9.00         36.41               C 
   13       14.43         43.42               C 
   14        8.67         34.22               C 
   15        7.43         32.61               C 
   16       17.73         41.25               C 
   17       13.23         31.81               C 
   18       11.47         43.25               C 
   19        7.63         41.27               C 
   20       13.16         43.26               C 
   21       40.82         16.21               C 
   22       38.85         16.98               C 
   23       43.61         11.59               C 
   24       38.28         13.61               C 
   25       37.45          7.40               C 
   26       34.41          9.38               C 
   27       33.70         13.67               C 
   28       37.41         12.76               C 
   29       40.14         17.68               C 
   30       43.60         14.54               C 
   31       35.43         12.50               C 
   32       34.00         14.19               C 
   33       35.57          7.33               C 
   34       32.40          6.76               C 
   35       39.15         15.64               C 
   36       35.98         10.30               C 
   37       42.34          7.08               C 
   38       36.58         17.79               C 
   39       42.38          6.93               C 
   40       34.05          7.10               C 
   41       25.00         25.00               S 
   42       42.50         42.50               S 

RECHARGERS 
   Id      NumRec 
    0           4 
   41           1 
   42           1 

CUSTOMERS 
   Id           Q            ST               R                 D 
    1          45          0.45            4.47              7.85 
    2          48          0.43            8.38             13.82 
    3          41          0.37            7.04             11.75 
    4          44          0.35           11.77             19.33 
    5          41          0.37            9.48             16.53 
    6          26          0.23           10.83             18.64 
    7          34          0.34            5.67              9.67 
    8          44          0.48           10.39             17.12 
    9          20          0.22           14.50             23.36 
   10          37          0.44           11.62             19.09 
   11          33          0.33            6.54             11.99 
   12          21          0.25           14.59             23.41 
   13          33          0.33           15.03             25.03 
   14          46          0.41            1.13              4.39 
   15          39          0.43           11.37             19.17 
   16          42          0.42            6.19             10.95 
   17          49          0.49            2.18              5.18 
   18          30          0.27           10.87             18.44 
   19          43          0.43            7.08             13.49 
   20          47          0.38            6.53             12.70 
   21          33          0.30            1.75              4.51 
   22          36          0.29           11.50             19.65 
   23          40          0.48            8.63             15.17 
   24          34          0.37           12.11             20.77 
   25          25          0.30            6.13             11.32 
   26          27          0.27           13.85             22.96 
   27          32          0.32            8.64             15.67 
   28          20          0.20           11.32             18.20 
   29          43          0.43            8.53             13.84 
   30          21          0.21            7.79             14.50 
   31          33          0.33            1.79              5.57 
   32          36          0.29            3.79              7.42 
   33          38          0.42            4.12              7.37 
   34          33          0.36            7.48             12.77 
   35          22          0.20            2.75              6.12 
   36          28          0.25            4.68              8.72 
   37          22          0.20            9.47             16.30 
   38          42          0.34            7.38             12.85 
   39          30          0.27            6.84             11.82 
   40          40          0.48            3.70              6.81 

INSTDATA 
 Tmax        NumV      Capacity Speed        DistCost  Batt    Ro Alpha 
   80           4          700    50                5    15   0.2  1.00 

